323 109
231 219
65 308
185 292
61 287
414 188
37 264
510 266
528 272
279 236
135 182
350 232
500 263
278.4 236.4
422 188
414 188
62.4 289.2
231.6 219.6
50.4 273.6
528 272.4
337.2 114
324 111.6
502.8 262.8
350.4 231.6
185 292
499.2 262.8
231.552 219.456
349.92 230.4
478.08 282.24
420.48 187.2
413.28 187.2
501.12 267.84
277.92 236.16
184.32 290.88
514.944 271.296
349.056 229.824
231.552 219.456
501.12 269.568
321.408 105.408
419.904 188.352
413.28 187.2
324.864 110.592
205.632 267.84
55.296 273.024
502.848 262.656
46.08 273.6
184.32 290.88
136.858 236.39
418.867 186.624
350.438 230.17
337.997 111.974
232.243 217.728
184.896 290.304
151.373 240.538
136.858 236.39
232.243 217.728
350.438 230.17
144.323 233.902
281.18 236.39
186.624 290.304
349.36 367.276
343.388 364.29
346.374 226.935
232.907 217.977
217.977 194.089
280.683 235.893
354.735 365.485
343.388 364.29
232.907 214.991
347.569 225.74
283.071 236.49
150.494 243.656
347.569 336.819
272.322 250.823
186.325 290.238
333.236 240.073