-0.0374123 -0.830816 2.7448
-0.243698 -0.117719 1.5848
-0.627753 0.160186 1.3396
-0.323443 0.104873 1.4266
-0.627221 0.101454 1.3116
0.402045 -0.341821 2.2068
-0.687785 0.0430873 1.2976
0.627166 -0.0166317 1.5202
0.65817 -0.00198633 1.4784
-0.0897164 -0.073607 1.5526
-0.522843 -0.214436 1.4956
0.139792 -0.0954137 1.5202
0.594266 -0.0256024 1.5332
-0.0891202 -0.0718189 1.5526
0.427399 -0.333001 2.1552
0.399677 -0.344018 2.1938
-0.627209 0.10885 1.3158
-0.244307 -0.120761 1.5848
-0.637861 0.0641397 1.2706
0.661009 -0.000283745 1.4784
0.032143 -0.816064 2.7448
-0.0374123 -0.822386 2.7448
0.601751 -0.0249094 1.5268
0.136873 -0.0948301 1.5202
-0.329006 0.106137 1.4438
0.593677 -0.0250138 1.5332
-0.24332 -0.123909 1.5784
0.136061 -0.0987584 1.5268
0.515821 0.0343076 1.4438
0.42442 -0.335979 2.1552
0.401698 -0.341997 2.1938
0.590593 -0.00582347 1.502
-0.0891202 -0.0746797 1.5526
-0.331572 0.106534 1.4492
0.624455 -0.00247196 1.4838
0.136061 -0.0987584 1.5268
-0.242554 -0.118279 1.5848
0.587601 -0.00248262 1.4902
-0.0467705 -0.851215 2.7448
0.423345 -0.33438 2.168
0.403968 -0.3497 2.2196
-0.0283474 -0.81778 2.7244
-0.313646 0.0344556 1.5988
-0.637121 0.0619232 1.2878
0.607097 -0.0227993 1.5268
-0.649687 0.0695246 1.2706
-0.336318 0.104556 1.4664
-0.611718 -0.0528933 1.7914
0.416153 -0.340132 2.168
0.135048 -0.0997712 1.5268
0.0351785 -0.823904 2.7448
-0.238348 -0.122484 1.5848
-0.327565 0.101407 1.4492
-0.474742 -0.0386718 1.5138
-0.616088 -0.05458 1.8
-0.23961 -0.123745 1.5848
0.133832 -0.104632 1.5268
-0.593113 -0.0721167 1.8086
-0.0864075 -0.0767394 1.5526
-0.331102 0.101785 1.4546
0.147499 0.242462 1.163
0.129166 0.232126 1.1782
0.132374 -0.101716 1.5268
-0.235068 -0.123745 1.5848
-0.397808 -0.253889 2.0486
-0.0793163 -0.0681207 1.559
0.16172 0.233819 1.1598
0.139069 0.235996 1.1706
-0.236885 -0.127379 1.5848
0.128316 -0.111731 1.5202
-0.0825507 -0.0714003 1.5526
-0.476188 -0.0383825 1.5138
0.144134 0.188769 1.2878
-0.109385 -0.0301998 1.6344
-0.326273 0.102792 1.4492
0.0766801 -0.0599636 1.5332